1  	   	Arsenal   	27  	19  	7  	1  	56  	20  	 	12  	2  	0  	31  	8  	 	7  	5  	1  	25  	12  	 	36  	64
2 		Man_Utd 	27 	19 	4 	4 	55 	15 		12 	1 	1 	32 	5 		7 	3 	3 	23 	10 		40 	61
3 		Chelsea 	26 	16 	7 	3 	38 	17 		8 	5 	0 	23 	8 		8 	2 	3 	15 	9 		21 	55
4 		Liverpool 	26 	12 	11 	3 	43 	19 		6 	6 	1 	29 	11 		6 	5 	2 	14 	8 		24 	47
5 		Everton 	26 	14 	5 	7 	41 	23 		8 	2 	3 	24 	11 		6 	3 	4 	17 	12 		18 	47
6 		Aston_Villa 	26 	12 	8 	6 	48 	34 		8 	2 	4 	24 	17 		4 	6 	2 	24 	17 		14 	44
7 		Portsmouth 	27 	12 	8 	7 	37 	26 		4 	7 	2 	16 	10 		8 	1 	5 	21 	16 		11 	44
8 		Man_City 	26 	12 	8 	6 	34 	29 		9 	3 	1 	21 	11 		3 	5 	5 	13 	18 		5 	44
9 		West_Ham 	26 	11 	7 	8 	31 	23 		5 	5 	3 	16 	13 		6 	2 	5 	15 	10 		8 	40
10 		Blackburn 	26 	10 	9 	7 	32 	33 		5 	4 	4 	13 	13 		5 	5 	3 	19 	20 		-1 	39
11 		Tottenham 	26 	8 	8 	10 	48 	41 		6 	2 	4 	33 	22 		2 	6 	6 	15 	19 		7 	32
12 		Middlesbrough 	27 	7 	8 	12 	25 	41 		4 	4 	5 	14 	18 		3 	4 	7 	11 	23 		-16 	29
13 		Newcastle 	27 	7 	7 	13 	30 	52 		5 	5 	4 	18 	23 		2 	2 	9 	12 	29 		-22 	28
14 		Wigan 	27 	7 	5 	15 	26 	42 		6 	2 	5 	17 	14 		1 	3 	10 	9 	28 		-16 	26
15 		Sunderland 	27 	7 	5 	15 	26 	46 		7 	3 	3 	17 	13 		0 	2 	12 	9 	33 		-20 	26
16 		Bolton 	26 	6 	7 	13 	26 	35 		5 	4 	5 	17 	12 		1 	3 	8 	9 	23 		-9 	25
17 		Birmingham 	27 	5 	8 	14 	27 	40 		3 	5 	5 	15 	16 		2 	3 	9 	12 	24 		-13 	23
18 		Reading 	26 	6 	4 	16 	30 	53 		6 	1 	6 	14 	19 		0 	3 	10 	16 	34 		-23 	22
19 		Fulham 	27 	3 	10 	14 	25 	45 		3 	5 	6 	18 	23 		0 	5 	8 	7 	22 		-20 	19
20 		Derby 	27 	1 	6 	20 	13 	57 		1 	3 	9 	8 	24 		0 	3 	11 	5 	33 		-44 	9
